45	90	1	112	171
45	90	2	116	172
46	91	1	117	173
46	91	2	118	174
47	93	1	126	175
47	93	2	127	176
48	94	1	121	177
48	94	2	125	178
49	95	1	130	179
50	96	1	11	180
50	96	2	12	181
50	96	3	17	182
51	97	1	109	183
51	97	2	110	184
51	97	3	111	185
52	98	1	108	186
53	99	1	104	187
53	99	2	105	188
53	99	3	106	189
54	100	1	18	190
54	100	2	36	191
54	100	3	37	192
55	101	1	313	193
56	102	1	38	194
56	102	2	39	195
57	103	1	13	196
57	103	2	14	197
58	104	1	311	198
59	105	1	15	199
59	105	2	16	200
60	106	1	40	201
60	106	2	41	202
61	107	1	318	203
62	108	1	76	204
62	108	2	77	205
62	108	3	78	206
63	109	1	49	207
63	109	2	50	208
63	109	3	51	209
64	110	1	67	210
64	110	2	68	211
64	110	3	69	212
64	110	4	70	213
65	111	1	131	214
65	111	2	132	215
66	112	1	135	216
66	112	2	136	217
67	113	1	141	218
67	113	2	142	219
68	114	1	137	220
68	114	2	138	221
69	115	1	394	222
69	115	2	395	223
69	115	3	396	224
69	115	4	397	225
