2	2	1	342	107
3	3	1	309	108
4	4	1	301	109
4	4	2	302	110
5	5	1	5	111
5	5	2	9	112
6	6	1	2	113
6	6	2	10	114
7	7	1	44	115
8	8	1	307	116
9	9	1	305	117
10	10	1	46	118
11	11	1	52	119
11	11	2	53	120
11	11	3	65	121
11	11	4	66	122
12	12	1	315	123
12	12	2	316	124
13	14	1	128	125
13	14	2	129	126
14	15	1	123	127
15	16	1	102	128
16	17	1	114	129
17	18	1	119	130
17	18	2	120	131
18	19	1	326	132
18	19	2	321	133
19	20	1	79	134
19	20	2	80	135
19	20	3	92	136
19	20	4	93	137
20	21	1	43	138
21	22	1	308	139
22	23	1	303	140
22	23	2	304	141
23	24	1	27	142
23	24	2	35	143
24	25	1	26	144
24	25	2	34	145
25	28	1	45	146
26	29	1	310	147
27	30	1	306	148
28	31	1	47	149
29	32	1	139	150
30	33	1	324	151
30	33	2	325	152
31	34	1	140	153
32	35	1	328	154
32	36	2	329	155
33	37	1	314	156
34	38	1	75	157
35	39	1	28	158
36	42	1	23	159
36	42	2	24	160
36	42	3	25	161
37	43	1	3	162
38	44	1	48	163
39	45	1	312	164
40	46	1	133	165
41	50	1	317	166
41	50	2	332	167
42	51	1	134	168
43	52	1	322	169
43	52	2	323	170
