1	1	1	400	400
1	1	1	401	401
47	120	1	402	402
47	120	2	403	403
47	120	3	404	404
47	120	4	405	405
40	121	1	406	406
40	121	2	407	407
48	122	1	408	408
48	122	2	409	409
49	123	1	410	410
49	123	2	411	411
1	1	1	412	412
53	124	1	413	413
53	124	2	414	414
53	124	3	415	415
1	1	1	416	416
1	1	1	417	417
1	1	1	418	418
1	1	1	419	419
1	1	1	420	420
59	125	1	421	421
59	125	2	422	422
1	1	1	423	423
1	1	1	424	424
1	1	1	425	425
41	126	1	426	426
41	126	2	427	427
1	1	1	428	428
1	1	1	429	429
56	127	1	430	430
56	127	2	431	431
57	128	1	432	432
57	128	2	433	433
55	129	1	434	434
55	129	2	435	435
55	129	3	436	436
55	129	4	437	437
61	130	1	438	438
61	130	2	439	439
1	1	1	440	440
54	131	1	441	441
54	131	2	442	442
54	131	3	443	443
1	1	1	444	444
1	1	1	445	445
1	1	1	446	446
1	1	1	447	447
1	1	1	448	448
62	132	1	449	449
62	132	2	450	450
62	132	3	451	451
63	133	1	452	452
63	133	2	453	453
63	133	3	454	454
1	1	1	455	455
64	134	1	456	456
64	134	2	457	457
64	134	3	458	458
64	134	4	459	459
64	134	5	460	460
64	134	6	461	461
65	135	1	462	462
65	135	2	463	463
68	136	1	464	464
68	136	2	465	465
66	137	1	466	466
66	137	2	467	467
67	138	1	468	468
67	138	2	469	469
67	138	3	470	470
67	138	4	471	471
67	138	5	472	472
67	138	6	473	473
1	1	1	474	474
69	139	1	475	475
69	139	2	476	476
69	139	3	477	477
70	140	1	478	478
70	140	2	479	479
70	140	3	480	480
