78	141	1	552	552
78	141	2	553 553
80	142	1	481	481
80	142	2	482	482
1	1	1	483	483
81	143	1	484	484
81	143	2	485	485
81	143	3	486	486
83	144	1	487	487
83	144	2	488	488
83	144	3	489	489
83	144	4	490	490
83	144	5	491	491
82	145	1	492	492
82	145	2	493	493
82	145	3	494	494
82	145	4	495	495
82	145	5	496	496
79	146	1	497	497
79	146	2	498	498
77	147	1	499	499
77	147	2	500	500
1	1	1	501	501
75	148	1	502	502
75	148	2	503	503
75	148	3	504	504
75	148	4	505	505
76	149	1	506	506
76	149	2	507	507
76	149	3	508	508
1	1	1	509	509
1	1	1	510	510
71	150	1	511	511
71	150	2	512	512
71	150	3	513	513
71	150	4	514	514
71	150	5	515	515
72	151	1	516	516
72	151	2	517	517
72	151	3	518	518
72	151	4	519	519
72	151	5	520	520
73	152	1	521	521
73	152	2	522	522
73	152	3	523	523
73	152	4	524	524
73	152	5	525	525
74	153	1	526	526
74	153	2	527	527
74	153	3	528	528
74	153	4	529	529
74	153	5	530	530
1	1	1	531	531
85	154	1	532	532
85	154	2	533	533
84	155	1	534	534
84	155	2	535	535
89	156	1	536	536
89	156	2	537	537
1	1	1	538	538
1	1	1	539	539
1	1	1	540	540
1	1	1	541	541
1	1	1	542	542
1	1	1	543	543
1	1	1	544	544
1	1	1	545	545
88	157	1	546	546
88	157	2	547	547
86	158	1	548	548
86	158	2	549	549
87	159	1	550	550
87	159	2	551	551
