131	113	1	690	600
131	113	1	839	601
131	113	1	752	602
136	80	1	607	603
136	80	2	611	604
137	81	1	602	605
137	81	2	606	606
131	113	1	686	607
131	113	1	836	608
131	113	1	840	609
131	113	1	689	610
131	113	1	659	611
168	82	1	652	612
168	82	2	655	613
168	82	3	656	614
168	82	4	657	615
168	82	5	867	616
168	82	6	868	617
131	113	1	658	618
167	83	1	724	619
167	83	2	723	620
167	83	3	730	621
167	83	4	876	622
167	83	5	878	623
131	113	1	651	624
169	84	1	726	625
169	84	2	728	626
170	85	1	719	627
170	85	2	718	628
131	113	1	716	629
131	113	1	706	630
172	86	1	704	631
172	86	2	705	632
173	87	1	713	633
173	87	2	715	634
131	113	1	674	635
165	88	1	710	636
165	88	2	711	637
165	88	3	712	638
165	88  4	863	639
165	88	5	865	640
131	113	1	675	641
131	113	1	687	642
131	113	1	838	643
131	113	1   791	644
164	89	1	631	645
164	89	2	627	646
163	90	1	746	647
163	90	2	745	648
131	113	1	685	649
131	113	1	835	650
131	113	1	837	651
131	113	1	688	652
166	91	1	668	653
166	91	2	669	654
166	91	3	672	655
166	91	4	673	656
166	91	5	854	657
131	113	1	677	658
174	92	1	676	659
174	92	2	825	660
174	92	3	877	661
175	93	1	666	662
175	93	2	667	663
133	94	1	628	664
134	95	1	625	665
134	95	2	626	666
135	96	1	603	667
176	97	1	647	668
176	97	2	650	669
177	98	1	660	670
177	98	2	811	671
177	98	3	875	672
