131	113	1	786	673
131	113	1	751	674
139	99	1	613	675
139	99	2	614	676
139	99	3	615	677
138	100	1	637	678
138	100	2	640	679
138	100	3	639	680
140	101	1	703	681
140	101	2	709	682
131	113	1	714	683
179	102	1	636	684
179	102	2	623	685
179	102	3	663	686
141	103	1	696	687
141	103	2	697	688
142	104	1	692	689
142	104	2	691	690
143	105	1	700	691
143	105	2	701	692
143	105	3	699	693
144	106	1	601	694
144	106	2	612	695
131	113	1	729	696
131	113	1	727	697
145	107	1	717	698
145	107	2	725	699
131	113	1	661	700
131	113	1	648	701
131	113	1	731	702
131	113	1	732	703
131	113	1	665	704
131	113	1	678	705
131	113	1	788	706
131	113	1	763	707
131	113	1	879	708
